MAE: 0.3249489028695069
MSE: 0.49525785881427553
R2 Score: 0.9204451392707786


